#INCLUSive Motif Model v1.0
#
#ID = AHR_01
#W = 18
#Consensus = CCYCNRRSTNGCGTGASA
0.01	0.66	0.22	0.11
0.01	0.653333333333334	0.01	0.326666666666666
0.01	0.55	0.11	0.33
0.01	0.762222222222222	0.217777777777778	0.01
0.222222222222222	0.333333333333333	0.333333333333333	0.111111111111111
0.435555555555555	0.01	0.544444444444445	0.01
0.333333333333333	0.111111111111111	0.444444444444444	0.111111111111111
0.01	0.544444444444445	0.435555555555555	0.01
0.01	0.01	0.01	0.97
0.333333333333333	0.222222222222222	0.111111111111111	0.333333333333333
0.01	0.01	0.97	0.01
0.01	0.97	0.01	0.01
0.01	0.01	0.97	0.01
0.01	0.01	0.01	0.97
0.01	0.01	0.97	0.01
0.666666666666667	0.111111111111111	0.111111111111111	0.111111111111111
0.11	0.33	0.55	0.01
0.653333333333334	0.01	0.01	0.326666666666666
#
