#INCLUSive Motif Model v1.0
#
#ID = AHRARNT_02
#W = 19
#Consensus = GRGKATYGCGTGMCWNSCC
0.16	0.04	0.76	0.04
0.32	0.08	0.48	0.12
0.08	0.24	0.56	0.12
0.12	0.12	0.44	0.32
0.7128	0.01	0.2376	0.0396
0.01	0.01	0.1568	0.8232
0.01	0.5096	0.01	0.4704
0.01	0.01	0.97	0.01
0.01	0.97	0.01	0.01
0.01	0.01	0.97	0.01
0.01	0.01	0.01	0.97
0.01	0.01	0.97	0.01
0.4752	0.3564	0.01	0.1584
0.08	0.56	0.28	0.08
0.4752	0.01	0.0792	0.4356
0.4	0.04	0.32	0.24
0.01	0.396	0.396	0.198
0.01	0.7128	0.1584	0.1188
0.01	0.97	0.01	0.01
#
