#INCLUSive Motif Model v1.0
#
#ID = AHRARNT_01
#W = 16
#Consensus = KNNKNNTYGCGTGCMS
0.1683	0.01	0.3267	0.495
0.33	0.06	0.28	0.33
0.32	0.16	0.26	0.26
0.14	0.09	0.48	0.29
0.272727272727273	0.141414141414141	0.404040404040404	0.181818181818182
0.23	0.09	0.36	0.32
0.0891089108910891	0.0495049504950495	0.227722772277228	0.633663366336634
0.0891089108910891	0.346534653465347	0.0891089108910891	0.475247524752475
0.01	0.01	0.9408	0.0392
0.01	0.9408	0.01	0.0392
0.01	0.01	0.97	0.01
0.01	0.01	0.01	0.97
0.01	0.01	0.97	0.01
0.2178	0.6039	0.01	0.1683
0.3267	0.495	0.01	0.1683
0.198	0.396	0.396	0.01
#
