#INCLUSive Motif Model v1.0
#
#ID = AML_Q6
#W = 15
#Consensus = NNGKNTGTGGTTWNC
0.470588235294118	0.235294117647059	0.176470588235294	0.117647058823529
0.294117647058824	0.235294117647059	0.235294117647059	0.235294117647059
0.176470588235294	0.176470588235294	0.529411764705882	0.117647058823529
0.01	0.232941176470588	0.349411764705882	0.407647058823529
0.235294117647059	0.352941176470588	0.0588235294117647	0.352941176470588
0.01	0.0576470588235294	0.01	0.92235294117647
0.01	0.01	0.97	0.01
0.01	0.172941176470588	0.01	0.807058823529412
0.01	0.01	0.97	0.01
0.01	0.01	0.97	0.01
0.01	0.0582352941176471	0.0582352941176471	0.873529411764706
0.0588235294117647	0.235294117647059	0.117647058823529	0.588235294117647
0.465882352941177	0.01	0.0582352941176471	0.465882352941177
0.235294117647059	0.294117647058824	0.352941176470588	0.117647058823529
0.176470588235294	0.529411764705882	0.117647058823529	0.176470588235294
#
