#INCLUSive Motif Model v1.0
#
#ID = AP2_Q3
#W = 16
#Consensus = GSCCSCRGGCNRNRNN
0.174705882352941	0.232941176470588	0.582352941176471	0.01
0.01	0.465882352941177	0.349411764705882	0.174705882352941
0.01	0.97	0.01	0.01
0.117647058823529	0.588235294117647	0.235294117647059	0.0588235294117647
0.01	0.465882352941177	0.407647058823529	0.116470588235294
0.116470588235294	0.698823529411765	0.01	0.174705882352941
0.465882352941177	0.0582352941176471	0.465882352941177	0.01
0.174705882352941	0.0582352941176471	0.757058823529412	0.01
0.01	0.115294117647058	0.864705882352942	0.01
0.01	0.92235294117647	0.0576470588235294	0.01
0.176470588235294	0.117647058823529	0.411764705882353	0.294117647058824
0.349411764705882	0.01	0.524117647058823	0.116470588235294
0.352941176470588	0.176470588235294	0.176470588235294	0.294117647058824
0.349411764705882	0.0582352941176471	0.582352941176471	0.01
0.235294117647059	0.235294117647059	0.352941176470588	0.176470588235294
0.176470588235294	0.294117647058824	0.352941176470588	0.176470588235294
#
