#INCLUSive Motif Model v1.0
#
#ID = AP2_Q6_01
#W = 13
#Consensus = SNNNCCNCAGGCN
0.01	0.495	0.33	0.165
0.208333333333333	0.333333333333333	0.333333333333333	0.125
0.0833333333333333	0.333333333333333	0.416666666666667	0.166666666666667
0.0416666666666667	0.416666666666667	0.291666666666667	0.25
0.01	0.9075	0.04125	0.04125
0.0833333333333333	0.833333333333333	0.0416666666666667	0.0416666666666667
0.0833333333333333	0.416666666666667	0.291666666666667	0.208333333333333
0.0416666666666667	0.75	0.166666666666667	0.0416666666666667
0.5	0.208333333333333	0.208333333333333	0.0833333333333333
0.01	0.0408333333333334	0.939166666666666	0.01
0.01	0.0816666666666666	0.898333333333334	0.01
0.01	0.898333333333334	0.0816666666666666	0.01
0.125	0.333333333333333	0.291666666666667	0.25
#
