#INCLUSive Motif Model v1.0
#
#ID = AR_01
#W = 15
#Consensus = GGTACANNRTGTTCT
0.172413793103448	0.0344827586206897	0.724137931034483	0.0689655172413793
0.01	0.01	0.946206896551724	0.0337931034482759
0.275862068965517	0.0344827586206897	0.137931034482759	0.551724137931034
0.819310344827586	0.0341379310344828	0.01	0.136551724137931
0.01	0.97	0.01	0.01
0.655172413793103	0.0344827586206897	0.275862068965517	0.0344827586206897
0.172413793103448	0.241379310344828	0.344827586206897	0.241379310344828
0.206896551724138	0.206896551724138	0.379310344827586	0.206896551724138
0.310344827586207	0.103448275862069	0.448275862068966	0.137931034482759
0.102413793103448	0.170689655172414	0.01	0.716896551724138
0.01	0.01	0.97	0.01
0.0341379310344828	0.01	0.0341379310344828	0.921724137931035
0.137931034482759	0.103448275862069	0.206896551724138	0.551724137931034
0.0675862068965517	0.912413793103449	0.01	0.01
0.0344827586206897	0.275862068965517	0.0344827586206897	0.655172413793103
#
