#INCLUSive Motif Model v1.0
#
#ID = BRACH_01
#W = 24
#Consensus = MKHNTSACACCTAGGTGTGAAATT
0.375	0.425	0.075	0.125
0.125	0.075	0.375	0.425
0.37125	0.3465	0.01	0.27225
0.125	0.3	0.4	0.175
0.02475	0.0495	0.01	0.91575
0.0495	0.47025	0.47025	0.01
0.7425	0.01	0.17325	0.07425
0.01	0.97	0.01	0.01
0.931	0.01	0.049	0.01
0.05	0.85	0.05	0.05
0.05	0.7	0.2	0.05
0.02475	0.02475	0.01	0.9405
0.97	0.01	0.01	0.01
0.01	0.01	0.97	0.01
0.01	0.01	0.97	0.01
0.01	0.01	0.01	0.97
0.01	0.01	0.97	0.01
0.01	0.049	0.01	0.931
0.025	0.175	0.7	0.1
0.97	0.01	0.01	0.01
0.76725	0.12375	0.01	0.099
0.792	0.01	0.07425	0.12375
0.125	0.125	0.025	0.725
0.025	0.125	0.2	0.65
#
