#INCLUSive Motif Model v1.0
#
#ID = CDX2_Q5
#W = 14
#Consensus = ANANTTTTATKRCC
0.653333333333334	0.326666666666666	0.01	0.01
0.333333333333333	0.111111111111111	0.222222222222222	0.333333333333333
0.66	0.11	0.01	0.22
0.222222222222222	0.222222222222222	0.333333333333333	0.222222222222222
0.11	0.01	0.11	0.77
0.01	0.217777777777778	0.01	0.762222222222222
0.108888888888889	0.01	0.01	0.871111111111111
0.217777777777778	0.01	0.01	0.762222222222222
0.97	0.01	0.01	0.01
0.01	0.108888888888889	0.01	0.871111111111111
0.22	0.01	0.33	0.44
0.435555555555555	0.01	0.544444444444445	0.01
0.01	0.762222222222222	0.01	0.217777777777778
0.22	0.55	0.01	0.22
#
