#INCLUSive Motif Model v1.0
#
#ID = CDX_Q5
#W = 18
#Consensus = NAYNRHNARAKTHATAAA
0.25	0.166666666666667	0.166666666666667	0.416666666666667
0.898333333333334	0.0816666666666666	0.01	0.01
0.0825	0.5775	0.01	0.33
0.416666666666667	0.166666666666667	0.0833333333333333	0.333333333333333
0.456923076923077	0.152307692307692	0.380769230769231	0.01
0.380769230769231	0.304615384615385	0.01	0.304615384615385
0.230769230769231	0.461538461538462	0.0769230769230769	0.230769230769231
0.615384615384615	0.153846153846154	0.153846153846154	0.0769230769230769
0.456923076923077	0.01	0.456923076923077	0.0761538461538461
0.692307692307692	0.0769230769230769	0.153846153846154	0.0769230769230769
0.0769230769230769	0.153846153846154	0.461538461538462	0.307692307692308
0.228461538461539	0.228461538461539	0.01	0.533076923076923
0.380769230769231	0.304615384615385	0.01	0.304615384615385
0.609230769230769	0.01	0.228461538461539	0.152307692307692
0.01	0.01	0.01	0.97
0.761538461538461	0.0761538461538461	0.152307692307692	0.01
0.609230769230769	0.152307692307692	0.01	0.228461538461539
0.685384615384615	0.152307692307692	0.152307692307692	0.01
#
