#INCLUSive Motif Model v1.0
#
#ID = CEBPB_02
#W = 14
#Consensus = NKNTTGCNYAAYNN
0.352941176470588	0.117647058823529	0.235294117647059	0.294117647058824
0.117647058823529	0.117647058823529	0.352941176470588	0.411764705882353
0.352941176470588	0.235294117647059	0.294117647058824	0.117647058823529
0.01	0.01	0.0576470588235294	0.92235294117647
0.01	0.01	0.01	0.97
0.174705882352941	0.01	0.757058823529412	0.0582352941176471
0.0582352941176471	0.815294117647059	0.116470588235294	0.01
0.352941176470588	0.117647058823529	0.352941176470588	0.176470588235294
0.232941176470588	0.465882352941177	0.01	0.291176470588236
0.698823529411765	0.232941176470588	0.0582352941176471	0.01
0.873529411764706	0.0582352941176471	0.01	0.0582352941176471
0.117647058823529	0.411764705882353	0.117647058823529	0.352941176470588
0.176470588235294	0.235294117647059	0.117647058823529	0.470588235294118
0.235294117647059	0.294117647058824	0.294117647058824	0.176470588235294
#
