#INCLUSive Motif Model v1.0
#
#ID = CEBP_Q2
#W = 14
#Consensus = NNATTGCNNAANNN
0.387096774193548	0.161290322580645	0.209677419354839	0.241935483870968
0.225806451612903	0.274193548387097	0.241935483870968	0.258064516129032
0.5	0.145161290322581	0.209677419354839	0.145161290322581
0.01	0.0632258064516129	0.01	0.916774193548387
0.01	0.01	0.01	0.97
0.127741935483871	0.01	0.782419354838709	0.0798387096774194
0.0806451612903226	0.629032258064516	0.161290322580645	0.129032258064516
0.354838709677419	0.0645161290322581	0.354838709677419	0.225806451612903
0.241935483870968	0.209677419354839	0.112903225806452	0.435483870967742
0.580645161290323	0.209677419354839	0.0806451612903226	0.129032258064516
0.693548387096774	0.0483870967741935	0.193548387096774	0.0645161290322581
0.241935483870968	0.161290322580645	0.241935483870968	0.354838709677419
0.258064516129032	0.129032258064516	0.274193548387097	0.338709677419355
0.338709677419355	0.241935483870968	0.193548387096774	0.225806451612903
#
