#INCLUSive Motif Model v1.0
#
#ID = CEBPB_01
#W = 14
#Consensus = RNRTKDNGMAAKNN
0.428571428571429	0.0476190476190476	0.380952380952381	0.142857142857143
0.238095238095238	0.142857142857143	0.333333333333333	0.285714285714286
0.428571428571429	0.142857142857143	0.380952380952381	0.0476190476190476
0.0466666666666666	0.01	0.01	0.933333333333333
0.0471428571428571	0.01	0.33	0.612857142857143
0.33	0.01	0.377142857142857	0.282857142857143
0.238095238095238	0.0952380952380952	0.238095238095238	0.428571428571429
0.01	0.01	0.97	0.01
0.377142857142857	0.424285714285715	0.01	0.188571428571428
0.933333333333333	0.0466666666666666	0.01	0.01
0.97	0.01	0.01	0.01
0.142857142857143	0.0476190476190476	0.285714285714286	0.523809523809524
0.238095238095238	0.285714285714286	0.333333333333333	0.142857142857143
0.142857142857143	0.142857142857143	0.285714285714286	0.428571428571429
#
