#INCLUSive Motif Model v1.0
#
#ID = CEBP_C
#W = 18
#Consensus = NGWVTKNKGYAAKNSAYA
0.278741865509761	0.18763557483731	0.330802603036876	0.202819956616052
0.0976138828633406	0.0824295010845987	0.731019522776573	0.0889370932754881
0.3470715835141	0.0856832971800434	0.0976138828633406	0.469631236442516
0.425206073752712	0.295281995661606	0.269511930585683	0.01
0.01	0.01	0.01	0.97
0.01	0.01	0.428351409978308	0.551648590021692
0.356832971800434	0.181127982646421	0.0921908893709328	0.369848156182213
0.01	0.236225596529285	0.379034707158351	0.374739696312364
0.01	0.0967245119305856	0.883275488069414	0.01
0.0966377440347072	0.513253796095445	0.01	0.380108459869848
0.97	0.01	0.01	0.01
0.97	0.01	0.01	0.01
0.01	0.0913680781758958	0.433192182410424	0.465439739413681
0.270065075921909	0.189804772234273	0.442516268980477	0.0976138828633406
0.01	0.496434782608696	0.258260869565217	0.235304347826087
0.711898047722342	0.18146420824295	0.0966377440347072	0.01
0.01	0.61648590021692	0.01	0.36351409978308
0.511930585683297	0.0976138828633406	0.197396963123644	0.193058568329718
#
