#INCLUSive Motif Model v1.0
#
#ID = CEBP_Q2_01
#W = 12
#Consensus = NTTRCNNAANNN
0.359550561797753	0.213483146067416	0.202247191011236	0.224719101123595
0.01	0.0110112359550562	0.01	0.968988764044944
0.011123595505618	0.01	0.100112359550562	0.87876404494382
0.269662921348315	0.0224719101123595	0.50561797752809	0.202247191011236
0.0110112359550562	0.968988764044944	0.01	0.01
0.426966292134831	0.258426966292135	0.112359550561798	0.202247191011236
0.224719101123595	0.393258426966292	0.0898876404494382	0.292134831460674
0.651685393258427	0.235955056179775	0.0561797752808989	0.0561797752808989
0.764044943820225	0.0337078651685393	0.112359550561798	0.0898876404494382
0.0898876404494382	0.269662921348315	0.202247191011236	0.438202247191011
0.213483146067416	0.280898876404494	0.157303370786517	0.348314606741573
0.303370786516854	0.280898876404494	0.0898876404494382	0.325842696629214
#
