#INCLUSive Motif Model v1.0
#
#ID = COMP1_01
#W = 24
#Consensus = NVTNWTGATTGACNACAAVARRBN
0.166666666666667	0.166666666666667	0.166666666666667	0.5
0.282857142857143	0.282857142857143	0.424285714285715	0.01
0.142857142857143	0.142857142857143	0.142857142857143	0.571428571428571
0.142857142857143	0.142857142857143	0.285714285714286	0.428571428571429
0.42	0.01	0.01	0.559999999999999
0.141428571428572	0.01	0.282857142857143	0.565714285714285
0.01	0.28	0.7	0.01
0.84	0.01	0.01	0.14
0.14	0.01	0.01	0.84
0.14	0.01	0.01	0.84
0.14	0.01	0.84	0.01
0.565714285714285	0.141428571428572	0.282857142857143	0.01
0.01	0.84	0.14	0.01
0.428571428571429	0.142857142857143	0.285714285714286	0.142857142857143
0.565714285714285	0.01	0.282857142857143	0.141428571428572
0.01	0.565714285714285	0.282857142857143	0.141428571428572
0.565714285714285	0.01	0.282857142857143	0.141428571428572
0.707142857142857	0.141428571428572	0.141428571428572	0.01
0.33	0.33	0.33	0.01
0.653333333333334	0.326666666666666	0.01	0.01
0.33	0.165	0.495	0.01
0.33	0.165	0.495	0.01
0.01	0.33	0.33	0.33
0.166666666666667	0.333333333333333	0.333333333333333	0.166666666666667
#
