#INCLUSive Motif Model v1.0
#
#ID = COUP_01
#W = 14
#Consensus = TGAMCTTTGMMCYT
0.01	0.01	0.150769230769231	0.829230769230769
0.0753846153846154	0.01	0.904615384615384	0.01
0.904615384615384	0.01	0.0753846153846154	0.01
0.452307692307693	0.527692307692307	0.01	0.01
0.01	0.97	0.01	0.01
0.01	0.226153846153846	0.01	0.753846153846154
0.01	0.150769230769231	0.01	0.829230769230769
0.0753846153846154	0.01	0.01	0.904615384615384
0.150769230769231	0.01	0.829230769230769	0.01
0.456923076923077	0.304615384615385	0.228461538461539	0.01
0.461538461538462	0.384615384615385	0.0769230769230769	0.0769230769230769
0.0769230769230769	0.769230769230769	0.0769230769230769	0.0769230769230769
0.228461538461539	0.456923076923077	0.01	0.304615384615385
0.01	0.228461538461539	0.228461538461539	0.533076923076923
#
