#INCLUSive Motif Model v1.0
#
#ID = CP2_02
#W = 15
#Consensus = GCTGGNTNGNNCYNG
0.260526315789474	0.01	0.573157894736842	0.156315789473684
0.01	0.876842105263158	0.103157894736842	0.01
0.103157894736842	0.01	0.01	0.876842105263158
0.01	0.01	0.876842105263158	0.103157894736842
0.01	0.051578947368421	0.928421052631579	0.01
0.105263157894737	0.157894736842105	0.315789473684211	0.421052631578947
0.0526315789473684	0.105263157894737	0.0526315789473684	0.789473684210526
0.210526315789474	0.315789473684211	0.105263157894737	0.368421052631579
0.105263157894737	0.157894736842105	0.526315789473684	0.210526315789474
0.315789473684211	0.315789473684211	0.210526315789474	0.157894736842105
0.263157894736842	0.0526315789473684	0.473684210526316	0.210526315789474
0.01	0.876842105263158	0.103157894736842	0.01
0.0526315789473684	0.315789473684211	0.105263157894737	0.526315789473684
0.263157894736842	0.0526315789473684	0.421052631578947	0.263157894736842
0.01	0.257894736842105	0.722105263157895	0.01
#
