#INCLUSive Motif Model v1.0
#
#ID = CREB_Q2_01
#W = 14
#Consensus = NNTKACGTCANNNS
0.178571428571429	0.285714285714286	0.464285714285714	0.0714285714285714
0.214285714285714	0.178571428571429	0.357142857142857	0.25
0.178571428571429	0.107142857142857	0.107142857142857	0.607142857142857
0.107142857142857	0.107142857142857	0.357142857142857	0.428571428571429
0.671785714285715	0.01	0.212142857142857	0.106071428571428
0.01	0.97	0.01	0.01
0.141428571428572	0.0353571428571428	0.813214285714285	0.01
0.01	0.01	0.01	0.97
0.01	0.945	0.035	0.01
0.945	0.035	0.01	0.01
0.0357142857142857	0.285714285714286	0.357142857142857	0.321428571428571
0.107142857142857	0.464285714285714	0.214285714285714	0.214285714285714
0.25	0.0714285714285714	0.428571428571429	0.25
0.0714285714285714	0.392857142857143	0.392857142857143	0.142857142857143
#
