#INCLUSive Motif Model v1.0
#
#ID = DR1_Q3
#W = 13
#Consensus = RGGNCAAAGGTCA
0.366666666666667	0.0333333333333333	0.4	0.2
0.127741935483871	0.01	0.830322580645161	0.0319354838709677
0.0645161290322581	0.129032258064516	0.709677419354839	0.0967741935483871
0.225806451612903	0.193548387096774	0.193548387096774	0.387096774193548
0.0645161290322581	0.741935483870968	0.0645161290322581	0.129032258064516
0.862258064516129	0.0638709677419355	0.01	0.0638709677419355
0.67741935483871	0.0967741935483871	0.129032258064516	0.0967741935483871
0.67741935483871	0.032258064516129	0.258064516129032	0.032258064516129
0.01	0.0638709677419355	0.830322580645161	0.0958064516129032
0.0645161290322581	0.0645161290322581	0.645161290322581	0.225806451612903
0.129032258064516	0.129032258064516	0.0645161290322581	0.67741935483871
0.032258064516129	0.806451612903226	0.129032258064516	0.032258064516129
0.670645161290323	0.127741935483871	0.01	0.191612903225806
#
