#INCLUSive Motif Model v1.0
#
#ID = DR3_Q4
#W = 21
#Consensus = RRTGNMCYTNNTGAMCCNYNT
0.353571428571428	0.141428571428572	0.495	0.01
0.495	0.141428571428572	0.353571428571428	0.01
0.141428571428572	0.212142857142857	0.01	0.636428571428572
0.0707142857142857	0.212142857142857	0.707142857142857	0.01
0.428571428571429	0.214285714285714	0.214285714285714	0.142857142857143
0.559999999999999	0.42	0.01	0.01
0.01	0.97	0.01	0.01
0.01	0.282857142857143	0.141428571428572	0.565714285714285
0.01	0.282857142857143	0.0707142857142857	0.636428571428572
0.214285714285714	0.357142857142857	0.142857142857143	0.285714285714286
0.285714285714286	0.428571428571429	0.142857142857143	0.142857142857143
0.01	0.01	0.01	0.97
0.01	0.282857142857143	0.636428571428572	0.0707142857142857
0.707142857142857	0.212142857142857	0.0707142857142857	0.01
0.49	0.49	0.01	0.01
0.01	0.84	0.01	0.14
0.01	0.7	0.01	0.28
0.142857142857143	0.142857142857143	0.428571428571429	0.285714285714286
0.01	0.353571428571428	0.212142857142857	0.424285714285715
0.0714285714285714	0.285714285714286	0.214285714285714	0.428571428571429
0.0707142857142857	0.01	0.282857142857143	0.636428571428572
#
