#INCLUSive Motif Model v1.0
#
#ID = DR4_Q2
#W = 17
#Consensus = YGAMCTNNASTRACCYN
0.01	0.260526315789474	0.10421052631579	0.625263157894737
0.156315789473684	0.01	0.781578947368421	0.0521052631578947
0.578947368421053	0.157894736842105	0.105263157894737	0.157894736842105
0.312631578947369	0.625263157894737	0.01	0.0521052631578947
0.0521052631578947	0.88578947368421	0.01	0.0521052631578947
0.01	0.0521052631578947	0.312631578947369	0.625263157894737
0.105263157894737	0.368421052631579	0.263157894736842	0.263157894736842
0.105263157894737	0.315789473684211	0.157894736842105	0.421052631578947
0.578947368421053	0.210526315789474	0.0526315789473684	0.157894736842105
0.0526315789473684	0.421052631578947	0.368421052631579	0.157894736842105
0.0526315789473684	0.0526315789473684	0.0526315789473684	0.842105263157895
0.364736842105263	0.01	0.573157894736842	0.0521052631578947
0.789473684210526	0.105263157894737	0.0526315789473684	0.0526315789473684
0.156315789473684	0.729473684210526	0.10421052631579	0.01
0.0526315789473684	0.842105263157895	0.0526315789473684	0.0526315789473684
0.0526315789473684	0.578947368421053	0.0526315789473684	0.315789473684211
0.210526315789474	0.473684210526316	0.105263157894737	0.210526315789474
#
