#INCLUSive Motif Model v1.0
#
#ID = EVI1_04
#W = 15
#Consensus = DGATADGAHWAGATA
0.37125	0.01	0.37125	0.2475
0.245	0.01	0.735	0.01
0.7425	0.12375	0.01	0.12375
0.12375	0.12375	0.01	0.7425
0.8575	0.01	0.01	0.1225
0.37125	0.01	0.2475	0.37125
0.245	0.01	0.735	0.01
0.735	0.01	0.01	0.245
0.2475	0.2475	0.01	0.495
0.6125	0.01	0.01	0.3675
0.61875	0.01	0.2475	0.12375
0.245	0.01	0.735	0.01
0.735	0.01	0.01	0.245
0.245	0.01	0.01	0.735
0.7425	0.12375	0.01	0.12375
#
