#INCLUSive Motif Model v1.0
#
#ID = FOXJ2_01
#W = 18
#Consensus = NNNWAAAYAAAYANNNNN
0.341463414634146	0.24390243902439	0.0487804878048781	0.365853658536585
0.341463414634146	0.219512195121951	0.0731707317073171	0.365853658536585
0.341463414634146	0.24390243902439	0.195121951219512	0.219512195121951
0.365853658536585	0.170731707317073	0.0731707317073171	0.390243902439024
0.67609756097561	0.241463414634146	0.0724390243902439	0.01
0.634146341463415	0.0731707317073171	0.170731707317073	0.121951219512195
0.764878048780488	0.01	0.215121951219512	0.01
0.01	0.358536585365853	0.01	0.621463414634147
0.97	0.01	0.01	0.01
0.97	0.01	0.01	0.01
0.97	0.01	0.01	0.01
0.01	0.645365853658537	0.01	0.334634146341463
0.95609756097561	0.01	0.0239024390243902	0.01
0.292682926829268	0.219512195121951	0.146341463414634	0.341463414634146
0.268292682926829	0.24390243902439	0.0487804878048781	0.439024390243902
0.268292682926829	0.292682926829268	0.170731707317073	0.268292682926829
0.390243902439024	0.268292682926829	0.170731707317073	0.170731707317073
0.439024390243902	0.121951219512195	0.146341463414634	0.292682926829268
#
