#INCLUSive Motif Model v1.0
#
#ID = FOXP3_Q4
#W = 17
#Consensus = RWARTGTTGTTTCAKAC
0.392	0.01	0.588	0.01
0.588	0.01	0.01	0.392
0.594	0.198	0.198	0.01
0.396	0.198	0.396	0.01
0.198	0.01	0.198	0.594
0.01	0.01	0.784	0.196
0.01	0.196	0.01	0.784
0.01	0.01	0.01	0.97
0.198	0.01	0.594	0.198
0.196	0.01	0.01	0.784
0.01	0.198	0.198	0.594
0.198	0.01	0.198	0.594
0.01	0.97	0.01	0.01
0.784	0.01	0.01	0.196
0.01	0.01	0.588	0.392
0.784	0.01	0.196	0.01
0.01	0.594	0.198	0.198
#
