#INCLUSive Motif Model v1.0
#
#ID = GCNF_01
#W = 18
#Consensus = NTCAAGKTCAAGKTCANN
0.243243243243243	0.405405405405405	0.216216216216216	0.135135135135135
0.0540540540540541	0.135135135135135	0.189189189189189	0.621621621621622
0.0810810810810811	0.756756756756757	0.135135135135135	0.027027027027027
0.837837837837838	0.027027027027027	0.108108108108108	0.027027027027027
0.936486486486487	0.01	0.0267567567567567	0.0267567567567567
0.0264864864864865	0.01	0.953513513513514	0.01
0.01	0.0267567567567567	0.347837837837837	0.615405405405406
0.01	0.01	0.01	0.97
0.01	0.97	0.01	0.01
0.97	0.01	0.01	0.01
0.953513513513514	0.0264864864864865	0.01	0.01
0.01	0.01	0.900540540540541	0.0794594594594595
0.027027027027027	0.027027027027027	0.459459459459459	0.486486486486487
0.027027027027027	0.027027027027027	0.0540540540540541	0.891891891891892
0.01	0.927027027027027	0.01	0.052972972972973
0.918918918918919	0.027027027027027	0.027027027027027	0.027027027027027
0.243243243243243	0.378378378378378	0.162162162162162	0.216216216216216
0.162162162162162	0.378378378378378	0.189189189189189	0.27027027027027
#
