#INCLUSive Motif Model v1.0
#
#ID = GR_Q6
#W = 19
#Consensus = NNNNNNCNNTNTGTNCTNN
0.236842105263158	0.157894736842105	0.236842105263158	0.368421052631579
0.210526315789474	0.210526315789474	0.368421052631579	0.210526315789474
0.210526315789474	0.105263157894737	0.473684210526316	0.210526315789474
0.236842105263158	0.210526315789474	0.447368421052632	0.105263157894737
0.236842105263158	0.236842105263158	0.184210526315789	0.342105263157895
0.368421052631579	0.236842105263158	0.105263157894737	0.289473684210526
0.131578947368421	0.578947368421053	0.157894736842105	0.131578947368421
0.394736842105263	0.210526315789474	0.157894736842105	0.236842105263158
0.315789473684211	0.342105263157895	0.105263157894737	0.236842105263158
0.263157894736842	0.0789473684210526	0.0789473684210526	0.578947368421053
0.210526315789474	0.263157894736842	0.394736842105263	0.131578947368421
0.01	0.01	0.01	0.97
0.01	0.01	0.97	0.01
0.10421052631579	0.0260526315789474	0.01	0.859736842105263
0.105263157894737	0.236842105263158	0.157894736842105	0.5
0.0526315789473684	0.789473684210526	0.131578947368421	0.0263157894736842
0.234473684210526	0.130263157894737	0.01	0.625263157894737
0.315789473684211	0.210526315789474	0.157894736842105	0.315789473684211
0.210526315789474	0.236842105263158	0.315789473684211	0.236842105263158
#
