#INCLUSive Motif Model v1.0
#
#ID = GRE_C
#W = 16
#Consensus = GGTACAANNTGTYCTK
0.01	0.101964071856288	0.604670658682634	0.283365269461078
0.01	0.01	0.697985611510791	0.282014388489209
0.01	0.219130434782609	0.0978260869565218	0.67304347826087
0.869105263157895	0.01	0.01	0.110894736842105
0.01	0.776958083832335	0.01	0.203041916167665
0.694460431654676	0.285539568345324	0.01	0.01
0.584431137724551	0.116167664670659	0.196407185628743	0.102994011976048
0.301796407185629	0.0982035928143713	0.201197604790419	0.398802395209581
0.309449101796407	0.366359281437126	0.314191616766467	0.01
0.189184652278178	0.01	0.01	0.790815347721822
0.01	0.01	0.97	0.01
0.01	0.01	0.01	0.97
0.01	0.318934131736526	0.0948502994011976	0.576215568862276
0.01	0.97	0.01	0.01
0.01	0.01	0.01	0.97
0.01	0.164153846153846	0.438307692307693	0.387538461538462
#
