#INCLUSive Motif Model v1.0
#
#ID = HAND1E47_01
#W = 16
#Consensus = NNNNGNRTCTGGMWTT
0.413793103448276	0.172413793103448	0.137931034482759	0.275862068965517
0.344827586206897	0.172413793103448	0.137931034482759	0.344827586206897
0.275862068965517	0.0689655172413793	0.275862068965517	0.379310344827586
0.137931034482759	0.137931034482759	0.448275862068966	0.275862068965517
0.172413793103448	0.0689655172413793	0.620689655172414	0.137931034482759
0.137931034482759	0.344827586206897	0.275862068965517	0.241379310344828
0.341379310344828	0.01	0.546206896551724	0.102413793103448
0.0682758620689655	0.0682758620689655	0.01	0.853448275862069
0.0341379310344828	0.921724137931035	0.0341379310344828	0.01
0.01	0.01	0.01	0.97
0.01	0.01	0.97	0.01
0.01	0.102413793103448	0.853448275862069	0.0341379310344828
0.344827586206897	0.448275862068966	0.0344827586206897	0.172413793103448
0.517241379310345	0.0344827586206897	0.103448275862069	0.344827586206897
0.206896551724138	0.172413793103448	0.103448275862069	0.517241379310345
0.172413793103448	0.172413793103448	0.137931034482759	0.517241379310345
#
