#INCLUSive Motif Model v1.0
#
#ID = HNF1_01
#W = 15
#Consensus = GGTTAATNWTTAMCN
0.2376	0.01	0.6336	0.1188
0.0753846153846154	0.01	0.904615384615384	0.01
0.0376923076923077	0.01	0.01	0.942307692307693
0.0753846153846154	0.01	0.01	0.904615384615384
0.942307692307693	0.01	0.01	0.0376923076923077
0.769230769230769	0.0769230769230769	0.0384615384615385	0.115384615384615
0.0753846153846154	0.01	0.01	0.904615384615384
0.307692307692308	0.115384615384615	0.307692307692308	0.269230769230769
0.609230769230769	0.01	0.0380769230769231	0.342692307692308
0.115384615384615	0.0384615384615385	0.0384615384615385	0.807692307692308
0.0380769230769231	0.152307692307692	0.01	0.799615384615385
0.615384615384615	0.0384615384615385	0.230769230769231	0.115384615384615
0.346153846153846	0.423076923076923	0.115384615384615	0.115384615384615
0.266538461538461	0.533076923076923	0.01	0.190384615384615
0.44	0.28	0.16	0.12
#
