#INCLUSive Motif Model v1.0
#
#ID = HNF1_C
#W = 17
#Consensus = DGTTAATKAWTNACCAM
0.405100896860987	0.01	0.273026905829597	0.311872197309417
0.01	0.01	0.97	0.01
0.01	0.175555555555556	0.172222222222222	0.642222222222222
0.01	0.205679012345679	0.01	0.77432098765432
0.887609427609428	0.01	0.0923905723905724	0.01
0.817777777777778	0.01	0.0822222222222222	0.09
0.10668911335578	0.01	0.01	0.87331088664422
0.01	0.200224719101124	0.367078651685394	0.422696629213484
0.82463004484305	0.0865695067264574	0.01	0.0788004484304933
0.408888888888889	0.01	0.0788888888888889	0.502222222222223
0.01	0.01	0.01	0.97
0.47085201793722	0.173766816143498	0.105381165919283	0.25
0.731401345291479	0.01	0.10432735426009	0.15427130044843
0.315667789001122	0.664332210998878	0.01	0.01
0.10432735426009	0.609316143497758	0.01	0.276356502242152
0.634444444444444	0.0755555555555556	0.01	0.28
0.537777777777778	0.355555555555556	0.0966666666666667	0.01
#
