#INCLUSive Motif Model v1.0
#
#ID = HNF1_Q6
#W = 18
#Consensus = WRGTTAATNATTAACNNN
0.294117647058824	0.0882352941176471	0.117647058823529	0.5
0.264705882352941	0.0294117647058824	0.5	0.205882352941176
0.117647058823529	0.0294117647058824	0.735294117647059	0.117647058823529
0.01	0.0576470588235294	0.01	0.92235294117647
0.0882352941176471	0.0588235294117647	0.0588235294117647	0.794117647058823
0.823529411764706	0.0588235294117647	0.0294117647058824	0.0882352941176471
0.647058823529412	0.235294117647059	0.0294117647058824	0.0882352941176471
0.01	0.01	0.01	0.97
0.382352941176471	0.147058823529412	0.235294117647059	0.235294117647059
0.558823529411765	0.0882352941176471	0.117647058823529	0.235294117647059
0.0882352941176471	0.0588235294117647	0.0588235294117647	0.794117647058823
0.0294117647058824	0.235294117647059	0.0588235294117647	0.676470588235294
0.529411764705882	0.0882352941176471	0.147058823529412	0.235294117647059
0.5	0.147058823529412	0.176470588235294	0.176470588235294
0.117647058823529	0.558823529411765	0.0588235294117647	0.264705882352941
0.352941176470588	0.176470588235294	0.176470588235294	0.294117647058824
0.205882352941176	0.205882352941176	0.411764705882353	0.176470588235294
0.294117647058824	0.264705882352941	0.117647058823529	0.323529411764706
#
