#INCLUSive Motif Model v1.0
#
#ID = HNF3_Q6
#W = 13
#Consensus = NWRARYAAAYANN
0.384615384615385	0.333333333333333	0.102564102564103	0.179487179487179
0.307692307692308	0.179487179487179	0.0256410256410256	0.487179487179487
0.487179487179487	0.128205128205128	0.333333333333333	0.0512820512820513
0.564102564102564	0.0512820512820513	0.179487179487179	0.205128205128205
0.558461538461538	0.0761538461538461	0.355384615384615	0.01
0.0769230769230769	0.58974358974359	0.0256410256410256	0.307692307692308
0.92974358974359	0.0502564102564103	0.01	0.01
0.879487179487179	0.100512820512821	0.01	0.01
0.954871794871795	0.01	0.01	0.0251282051282051
0.0769230769230769	0.564102564102564	0.0256410256410256	0.333333333333333
0.846153846153846	0.0512820512820513	0.0512820512820513	0.0512820512820513
0.230769230769231	0.179487179487179	0.358974358974359	0.230769230769231
0.358974358974359	0.102564102564103	0.179487179487179	0.358974358974359
#
