#INCLUSive Motif Model v1.0
#
#ID = HNF4_DR1_Q3
#W = 13
#Consensus = TGAMCTTTGNCCN
0.0761538461538461	0.01	0.0761538461538461	0.837692307692308
0.01	0.0753846153846154	0.904615384615384	0.01
0.685384615384615	0.01	0.228461538461539	0.0761538461538461
0.307692307692308	0.538461538461538	0.0769230769230769	0.0769230769230769
0.0753846153846154	0.904615384615384	0.01	0.01
0.01	0.226153846153846	0.01	0.753846153846154
0.0761538461538461	0.0761538461538461	0.01	0.837692307692308
0.150769230769231	0.01	0.01	0.829230769230769
0.0753846153846154	0.01	0.904615384615384	0.01
0.307692307692308	0.230769230769231	0.230769230769231	0.230769230769231
0.01	0.761538461538461	0.152307692307692	0.0761538461538461
0.01	0.753846153846154	0.01	0.226153846153846
0.166666666666667	0.416666666666667	0.0833333333333333	0.333333333333333
#
