#INCLUSive Motif Model v1.0
#
#ID = LXR_Q3
#W = 18
#Consensus = TGGGGTYACTNNCGGTCA
0.12375	0.2475	0.01	0.61875
0.2475	0.01	0.61875	0.12375
0.01	0.12375	0.7425	0.12375
0.01	0.01	0.97	0.01
0.01	0.01	0.97	0.01
0.01	0.01	0.01	0.97
0.01	0.49	0.01	0.49
0.8575	0.1225	0.01	0.01
0.01	0.7425	0.12375	0.12375
0.01	0.2475	0.12375	0.61875
0.25	0.25	0.375	0.125
0.125	0.25	0.5	0.125
0.2475	0.495	0.2475	0.01
0.01	0.01	0.97	0.01
0.01	0.01	0.735	0.245
0.01	0.01	0.245	0.735
0.01	0.97	0.01	0.01
0.8575	0.01	0.1225	0.01
#
