#INCLUSive Motif Model v1.0
#
#ID = MEF2_04
#W = 22
#Consensus = NNTGTTACTAAAAATAGAAMNN
0.41	0.27	0.15	0.17
0.13	0.43	0.32	0.12
0.07	0.09	0.07	0.77
0.0693	0.01	0.8316	0.0891
0.0891	0.01	0.0693	0.8316
0.01	0.0108791208791209	0.0435164835164836	0.935604395604396
0.63	0.01	0.2	0.16
0.01	0.9604	0.0196	0.01
0.01	0.0196	0.01	0.9604
0.9009	0.0198	0.01	0.0693
0.6664	0.01	0.01	0.3136
0.97	0.01	0.01	0.01
0.97	0.01	0.01	0.01
0.97	0.01	0.01	0.01
0.01	0.0196	0.01	0.9604
0.97	0.01	0.01	0.01
0.0196	0.01	0.9604	0.01
0.8	0.09	0.06	0.05
0.7128	0.0594	0.01	0.2178
0.434343434343434	0.363636363636364	0.0202020202020202	0.181818181818182
0.27	0.48	0.09	0.16
0.21	0.23	0.17	0.39
#
