#INCLUSive Motif Model v1.0
#
#ID = MEF2_02
#W = 22
#Consensus = NNNNNNKCTAWAAATAGMNNNN
0.05	0.28	0.25	0.42
0.16	0.32	0.31	0.21
0.18	0.36	0.27	0.19
0.19	0.25	0.33	0.23
0.22	0.12	0.43	0.23
0.33	0.09	0.21	0.37
0.2	0.04	0.43	0.33
0.03	0.85	0.03	0.09
0.0297	0.0792	0.01	0.8811
0.833	0.01	0.01	0.147
0.57	0.01	0.01	0.41
0.9009	0.01	0.0099	0.0792
0.9408	0.01	0.01	0.0392
0.9207	0.01	0.0099	0.0594
0.01	0.01	0.01	0.97
0.97	0.01	0.01	0.01
0.0891	0.01	0.891	0.0099
0.34	0.46	0.11	0.09
0.36	0.28	0.08	0.28
0.2	0.37	0.15	0.28
0.3	0.34	0.13	0.23
0.23	0.23	0.22	0.32
#
