#INCLUSive Motif Model v1.0
#
#ID = MEF2_03
#W = 22
#Consensus = NNNNNWKCTAWAAATAGMNNNN
0.22	0.22	0.24	0.32
0.26	0.27	0.29	0.18
0.26530612244898	0.142857142857143	0.26530612244898	0.326530612244898
0.18	0.21	0.37	0.24
0.22	0.03	0.49	0.26
0.31	0.1	0.09	0.5
0.15	0.04	0.39	0.42
0.01	0.9604	0.01	0.0196
0.01	0.01	0.01	0.97
0.792	0.01	0.0099	0.1881
0.5194	0.01	0.01	0.4606
0.9016	0.01	0.01	0.0784
0.919191919191919	0.0101010101010101	0.0202020202020202	0.0505050505050505
0.9702	0.01	0.01	0.0098
0.01	0.01	0.01	0.97
0.9604	0.01	0.01	0.0196
0.0495	0.01	0.9108	0.0297
0.46	0.39	0.04	0.11
0.42	0.27	0.06	0.25
0.26	0.34	0.06	0.34
0.3	0.28	0.18	0.24
0.3	0.28	0.23	0.19
#
