#INCLUSive Motif Model v1.0
#
#ID = MMEF2_Q6
#W = 16
#Consensus = CKSNYTAAAAAWRMCY
0.22	0.55	0.22	0.01
0.11	0.01	0.44	0.44
0.01	0.33	0.55	0.11
0.2	0.1	0.2	0.5
0.198	0.297	0.01	0.495
0.01	0.01	0.01	0.97
0.97	0.01	0.01	0.01
0.784	0.01	0.01	0.196
0.97	0.01	0.01	0.01
0.686	0.01	0.01	0.294
0.686	0.01	0.01	0.294
0.396	0.099	0.01	0.495
0.495	0.198	0.297	0.01
0.44	0.44	0.11	0.01
0.111111111111111	0.666666666666667	0.111111111111111	0.111111111111111
0.11	0.55	0.01	0.33
#
