#INCLUSive Motif Model v1.0
#
#ID = MYCMAX_03
#W = 20
#Consensus = NNNNNNNCACGTGNNNNNNN
0.263157894736842	0.342105263157895	0.184210526315789	0.210526315789474
0.342105263157895	0.210526315789474	0.315789473684211	0.131578947368421
0.342105263157895	0.263157894736842	0.210526315789474	0.184210526315789
0.236842105263158	0.157894736842105	0.394736842105263	0.210526315789474
0.210526315789474	0.184210526315789	0.236842105263158	0.368421052631579
0.368421052631579	0.157894736842105	0.368421052631579	0.105263157894737
0.289473684210526	0.289473684210526	0.131578947368421	0.289473684210526
0.01	0.97	0.01	0.01
0.97	0.01	0.01	0.01
0.01	0.97	0.01	0.01
0.01	0.01	0.97	0.01
0.01	0.01	0.01	0.97
0.01	0.01	0.97	0.01
0.289473684210526	0.131578947368421	0.289473684210526	0.289473684210526
0.105263157894737	0.368421052631579	0.157894736842105	0.368421052631579
0.368421052631579	0.236842105263158	0.184210526315789	0.210526315789474
0.210526315789474	0.394736842105263	0.157894736842105	0.236842105263158
0.184210526315789	0.210526315789474	0.263157894736842	0.342105263157895
0.131578947368421	0.315789473684211	0.210526315789474	0.342105263157895
0.210526315789474	0.184210526315789	0.342105263157895	0.263157894736842
#
