#INCLUSive Motif Model v1.0
#
#ID = MYOD_Q6_01
#W = 18
#Consensus = CNGNRNCAGGTGNNGNAN
0.222222222222222	0.5	0.166666666666667	0.111111111111111
0.166666666666667	0.388888888888889	0.222222222222222	0.222222222222222
0.166666666666667	0.222222222222222	0.555555555555556	0.0555555555555556
0.333333333333333	0.333333333333333	0.277777777777778	0.0555555555555556
0.388888888888889	0.166666666666667	0.388888888888889	0.0555555555555556
0.333333333333333	0.222222222222222	0.388888888888889	0.0555555555555556
0.01	0.97	0.01	0.01
0.97	0.01	0.01	0.01
0.055	0.01	0.88	0.055
0.111111111111111	0.166666666666667	0.666666666666667	0.0555555555555556
0.01	0.01	0.0544444444444445	0.925555555555555
0.01	0.01	0.97	0.01
0.166666666666667	0.277777777777778	0.388888888888889	0.166666666666667
0.222222222222222	0.444444444444444	0.111111111111111	0.222222222222222
0.166666666666667	0.166666666666667	0.555555555555556	0.111111111111111
0.388888888888889	0.111111111111111	0.277777777777778	0.222222222222222
0.5	0.111111111111111	0.222222222222222	0.166666666666667
0.166666666666667	0.222222222222222	0.444444444444444	0.166666666666667
#
