#INCLUSive Motif Model v1.0
#
#ID = MYOGNF1_01
#W = 29
#Consensus = CRSCTGTBBNNTTTGGCACBSNGCCARCH
0.12375	0.61875	0.01	0.2475
0.6125	0.01	0.3675	0.01
0.01	0.495	0.37125	0.12375
0.12375	0.7425	0.01	0.12375
0.125	0.125	0.125	0.625
0.01	0.2475	0.61875	0.12375
0.01	0.1225	0.01	0.8575
0.01	0.2475	0.2475	0.495
0.01	0.37125	0.2475	0.37125
0.375	0.125	0.125	0.375
0.375	0.125	0.25	0.25
0.2475	0.01	0.12375	0.61875
0.01	0.245	0.01	0.735
0.01	0.01	0.1225	0.8575
0.01	0.01	0.8575	0.1225
0.01	0.01	0.97	0.01
0.141428571428572	0.707142857142857	0.01	0.141428571428572
0.61875	0.01	0.2475	0.12375
0.125	0.625	0.125	0.125
0.01	0.2475	0.495	0.2475
0.01	0.37125	0.495	0.12375
0.375	0.125	0.125	0.375
0.01	0.1225	0.8575	0.01
0.01	0.8575	0.01	0.1225
0.1225	0.8575	0.01	0.01
0.7425	0.01	0.12375	0.12375
0.495	0.01	0.37125	0.12375
0.125	0.5	0.125	0.25
0.37125	0.2475	0.01	0.37125
#
