#INCLUSive Motif Model v1.0
#
#ID = NF1_Q6_01
#W = 17
#Consensus = NTGGNNNNNNGCCAANN
0.265822784810127	0.240506329113924	0.113924050632911	0.379746835443038
0.177215189873418	0.151898734177215	0.151898734177215	0.518987341772152
0.215189873417722	0.139240506329114	0.531645569620253	0.113924050632911
0.215189873417722	0.0759493670886076	0.594936708860759	0.113924050632911
0.316455696202532	0.30379746835443	0.189873417721519	0.189873417721519
0.20253164556962	0.265822784810127	0.177215189873418	0.354430379746835
0.291139240506329	0.253164556962025	0.20253164556962	0.253164556962025
0.265822784810127	0.316455696202532	0.253164556962025	0.164556962025316
0.189873417721519	0.253164556962025	0.253164556962025	0.30379746835443
0.291139240506329	0.126582278481013	0.164556962025316	0.417721518987342
0.0126582278481013	0.0506329113924051	0.873417721518987	0.0632911392405063
0.0126582278481013	0.936708860759494	0.0253164556962025	0.0253164556962025
0.050126582278481	0.927341772151899	0.0125316455696203	0.01
0.924050632911392	0.0253164556962025	0.0126582278481013	0.0379746835443038
0.814556962025316	0.01	0.100253164556962	0.0751898734177215
0.240506329113924	0.177215189873418	0.341772151898734	0.240506329113924
0.392405063291139	0.227848101265823	0.227848101265823	0.151898734177215
#
