#INCLUSive Motif Model v1.0
#
#ID = NF1_Q6
#W = 18
#Consensus = NNTTGGCNNNNNNCCNNN
0.226666666666667	0.24	0.186666666666667	0.346666666666667
0.226666666666667	0.32	0.186666666666667	0.266666666666667
0.0666666666666667	0.146666666666667	0.0133333333333333	0.773333333333333
0.01	0.01	0.0130666666666666	0.966933333333334
0.01	0.01	0.97	0.01
0.0130666666666666	0.01	0.966933333333334	0.01
0.0666666666666667	0.893333333333333	0.0266666666666667	0.0133333333333333
0.428571428571429	0.185714285714286	0.114285714285714	0.271428571428571
0.306666666666667	0.266666666666667	0.266666666666667	0.16
0.213333333333333	0.213333333333333	0.426666666666667	0.146666666666667
0.266666666666667	0.253333333333333	0.24	0.24
0.453333333333333	0.0933333333333333	0.253333333333333	0.2
0.133333333333333	0.226666666666667	0.36	0.28
0.133333333333333	0.546666666666667	0.12	0.2
0.146666666666667	0.533333333333333	0.16	0.16
0.4	0.24	0.12	0.24
0.36	0.16	0.28	0.2
0.293333333333333	0.186666666666667	0.266666666666667	0.253333333333333
#
