#INCLUSive Motif Model v1.0
#
#ID = NFKB_Q6_01
#W = 16
#Consensus = NNNNKGGRAANTCCCN
0.16	0.2	0.36	0.28
0.186666666666667	0.253333333333333	0.293333333333333	0.266666666666667
0.253333333333333	0.32	0.213333333333333	0.213333333333333
0.226666666666667	0.226666666666667	0.28	0.266666666666667
0.106666666666667	0.12	0.466666666666667	0.306666666666667
0.04	0.0266666666666667	0.906666666666667	0.0266666666666667
0.0533333333333333	0.0133333333333333	0.893333333333333	0.04
0.6072	0.01	0.3564	0.0264
0.826666666666667	0.04	0.12	0.0133333333333333
0.9372	0.0264	0.0264	0.01
0.213333333333333	0.146666666666667	0.293333333333333	0.346666666666667
0.0533333333333333	0.2	0.0266666666666667	0.72
0.0396	0.8976	0.01	0.0528
0.0132	0.9504	0.01	0.0264
0.133333333333333	0.773333333333333	0.0133333333333333	0.08
0.226666666666667	0.28	0.253333333333333	0.24
#
