#INCLUSive Motif Model v1.0
#
#ID = NFKB_Q6
#W = 14
#Consensus = NGGGGAMTTTCCNN
0.307692307692308	0.0769230769230769	0.307692307692308	0.307692307692308
0.152307692307692	0.01	0.609230769230769	0.228461538461539
0.01	0.01	0.829230769230769	0.150769230769231
0.01	0.01	0.97	0.01
0.0753846153846154	0.01	0.904615384615384	0.01
0.97	0.01	0.01	0.01
0.456923076923077	0.456923076923077	0.01	0.0761538461538461
0.0769230769230769	0.0769230769230769	0.153846153846154	0.692307692307692
0.01	0.226153846153846	0.01	0.753846153846154
0.0761538461538461	0.228461538461539	0.01	0.685384615384615
0.0753846153846154	0.904615384615384	0.01	0.01
0.01	0.904615384615384	0.01	0.0753846153846154
0.153846153846154	0.307692307692308	0.230769230769231	0.307692307692308
0.230769230769231	0.307692307692308	0.230769230769231	0.230769230769231
#
