#INCLUSive Motif Model v1.0
#
#ID = NFY_01
#W = 16
#Consensus = NNNRRCCAATSRGNNN
0.320987654320988	0.290123456790123	0.253086419753086	0.135802469135802
0.134969325153374	0.312883435582822	0.233128834355828	0.319018404907975
0.0975609756097561	0.408536585365854	0.24390243902439	0.25
0.48780487804878	0.115853658536585	0.365853658536585	0.0304878048780488
0.414634146341463	0.0426829268292683	0.475609756097561	0.0670731707317073
0.01	0.97	0.01	0.01
0.0120731707317073	0.971890243902439	0.00603658536585366	0.01
0.965853658536585	0.01	0.00603658536585366	0.018109756097561
0.97	0.01	0.01	0.01
0.01	0.00597560975609756	0.01	0.974024390243902
0.121951219512195	0.536585365853659	0.304878048780488	0.0365853658536585
0.585365853658537	0.0609756097560976	0.335365853658537	0.0182926829268293
0.128048780487805	0.170731707317073	0.597560975609756	0.103658536585366
0.353658536585366	0.347560975609756	0.201219512195122	0.0975609756097561
0.286585365853659	0.0670731707317073	0.439024390243902	0.207317073170732
0.209876543209877	0.327160493827161	0.246913580246914	0.216049382716049
#
