#INCLUSive Motif Model v1.0
#
#ID = OCT1_03
#W = 13
#Consensus = NNNRTAATNANNN
0.184210526315789	0.289473684210526	0.263157894736842	0.263157894736842
0.195121951219512	0.170731707317073	0.292682926829268	0.341463414634146
0.181818181818182	0.363636363636364	0.25	0.204545454545455
0.352941176470588	0.137254901960784	0.431372549019608	0.0784313725490196
0.0194117647058824	0.155294117647059	0.01	0.815294117647059
0.96078431372549	0.01	0.01	0.0192156862745098
0.96078431372549	0.01	0.01	0.0192156862745098
0.156862745098039	0.0980392156862745	0.0588235294117647	0.686274509803922
0.18	0.26	0.36	0.2
0.645833333333333	0.0416666666666667	0.166666666666667	0.145833333333333
0.162162162162162	0.216216216216216	0.351351351351351	0.27027027027027
0.305555555555556	0.111111111111111	0.361111111111111	0.222222222222222
0.314285714285714	0.142857142857143	0.171428571428571	0.371428571428571
#
