#INCLUSive Motif Model v1.0
#
#ID = OCT1_02
#W = 15
#Consensus = NNGAATATKCANNNN
0.4375	0.1875	0.25	0.125
0.277777777777778	0.138888888888889	0.222222222222222	0.361111111111111
0.0731707317073171	0.121951219512195	0.658536585365854	0.146341463414634
0.75	0.113636363636364	0.0909090909090909	0.0454545454545455
0.818181818181818	0.0454545454545455	0.0454545454545455	0.0909090909090909
0.045	0.0225	0.01	0.9225
0.97	0.01	0.01	0.01
0.01	0.0222727272727272	0.01	0.957727272727272
0.01	0.0225	0.5175	0.45
0.01	0.957727272727272	0.01	0.0222727272727272
0.75	0.0681818181818182	0.113636363636364	0.0681818181818182
0.292682926829268	0.24390243902439	0.146341463414634	0.317073170731707
0.275	0.175	0.275	0.275
0.25	0.275	0.15	0.325
0.375	0.175	0.15	0.3
#
