#INCLUSive Motif Model v1.0
#
#ID = OCT1_01
#W = 19
#Consensus = NNNNWTATGCAAATNTNNN
0.3	0.266666666666667	0.133333333333333	0.3
0.153846153846154	0.205128205128205	0.282051282051282	0.358974358974359
0.295454545454545	0.318181818181818	0.272727272727273	0.113636363636364
0.450980392156863	0.235294117647059	0.137254901960784	0.176470588235294
0.481481481481481	0.0185185185185185	0.185185185185185	0.314814814814815
0.0176785714285715	0.0176785714285715	0.01	0.954642857142857
0.97	0.01	0.01	0.01
0.01	0.01	0.01	0.97
0.01	0.01	0.97	0.01
0.01	0.936964285714285	0.0176785714285715	0.0353571428571428
0.7525	0.01	0.01	0.2275
0.97	0.01	0.01	0.01
0.9625	0.01	0.0175	0.01
0.0530357142857143	0.01	0.0176785714285715	0.919285714285715
0.259259259259259	0.12962962962963	0.166666666666667	0.444444444444444
0.0754716981132075	0.207547169811321	0.113207547169811	0.60377358490566
0.16	0.38	0.28	0.18
0.270833333333333	0.229166666666667	0.291666666666667	0.208333333333333
0.266666666666667	0.2	0.311111111111111	0.222222222222222
#
