#INCLUSive Motif Model v1.0
#
#ID = PAX3_B
#W = 21
#Consensus = NNNNNNCGTCACGSTYNNNNN
0.411764705882353	0.0980392156862745	0.196078431372549	0.294117647058824
0.333333333333333	0.294117647058824	0.176470588235294	0.196078431372549
0.450980392156863	0.254901960784314	0.196078431372549	0.0980392156862745
0.254901960784314	0.196078431372549	0.196078431372549	0.352941176470588
0.235294117647059	0.156862745098039	0.215686274509804	0.392156862745098
0.196078431372549	0.254901960784314	0.254901960784314	0.294117647058824
0.0784313725490196	0.549019607843137	0.176470588235294	0.196078431372549
0.0588235294117647	0.0392156862745098	0.803921568627451	0.0980392156862745
0.116470588235294	0.0388235294117647	0.01	0.834705882352941
0.0196078431372549	0.745098039215686	0.215686274509804	0.0196078431372549
0.862745098039216	0.0588235294117647	0.0196078431372549	0.0588235294117647
0.0194117647058824	0.873529411764706	0.01	0.0970588235294118
0.01	0.01	0.883921568627451	0.096078431372549
0.0196078431372549	0.411764705882353	0.490196078431373	0.0784313725490196
0.194117647058824	0.0582352941176471	0.01	0.737647058823529
0.196078431372549	0.294117647058824	0.0196078431372549	0.490196078431373
0.294117647058824	0.196078431372549	0.294117647058824	0.215686274509804
0.294117647058824	0.274509803921569	0.156862745098039	0.274509803921569
0.294117647058824	0.0980392156862745	0.411764705882353	0.196078431372549
0.254901960784314	0.196078431372549	0.294117647058824	0.254901960784314
0.313725490196078	0.156862745098039	0.176470588235294	0.352941176470588
#
