#INCLUSive Motif Model v1.0
#
#ID = PAX4_04
#W = 30
#Consensus = RAAAAWTANNNNNNNNNNNNNNNYCACNCC
0.594	0.066	0.33	0.01
0.578947368421053	0.105263157894737	0.210526315789474	0.105263157894737
0.695652173913043	0.0434782608695652	0.0869565217391304	0.173913043478261
0.739130434782609	0.0869565217391304	0.0434782608695652	0.130434782608696
0.833333333333333	0.0416666666666667	0.0416666666666667	0.0833333333333333
0.333333333333333	0.0833333333333333	0.0833333333333333	0.5
0.25	0.0833333333333333	0.0416666666666667	0.625
0.625	0.0416666666666667	0.208333333333333	0.125
0.291666666666667	0.25	0.25	0.208333333333333
0.166666666666667	0.416666666666667	0.25	0.166666666666667
0.333333333333333	0.375	0.125	0.166666666666667
0.25	0.375	0.125	0.25
0.333333333333333	0.291666666666667	0.166666666666667	0.208333333333333
0.375	0.25	0.25	0.125
0.333333333333333	0.291666666666667	0.0833333333333333	0.291666666666667
0.375	0.208333333333333	0.125	0.291666666666667
0.25	0.208333333333333	0.25	0.291666666666667
0.208333333333333	0.458333333333333	0.208333333333333	0.125
0.208333333333333	0.416666666666667	0.125	0.25
0.375	0.333333333333333	0.166666666666667	0.125
0.375	0.166666666666667	0.208333333333333	0.25
0.208333333333333	0.416666666666667	0.166666666666667	0.208333333333333
0.333333333333333	0.416666666666667	0.0416666666666667	0.208333333333333
0.166666666666667	0.375	0.0416666666666667	0.416666666666667
0.0416666666666667	0.666666666666667	0.166666666666667	0.125
0.78375	0.12375	0.01	0.0825
0.0416666666666667	0.625	0.0833333333333333	0.25
0.25	0.416666666666667	0.0833333333333333	0.25
0.0833333333333333	0.666666666666667	0.166666666666667	0.0833333333333333
0.01	0.524117647058823	0.232941176470588	0.232941176470588
#
