#INCLUSive Motif Model v1.0
#
#ID = PAX4_01
#W = 21
#Consensus = NGNVGTCANGCGTGNNSNNYN
0.153846153846154	0.269230769230769	0.307692307692308	0.269230769230769
0.0285714285714286	0.114285714285714	0.742857142857143	0.114285714285714
0.142857142857143	0.380952380952381	0.238095238095238	0.238095238095238
0.259285714285714	0.353571428571428	0.377142857142857	0.01
0.0697674418604651	0.0697674418604651	0.581395348837209	0.27906976744186
0.01	0.0842553191489362	0.0631914893617021	0.842553191489362
0.01	0.66093023255814	0.31906976744186	0.01
0.828837209302325	0.0230232558139535	0.138139534883721	0.01
0.255813953488372	0.116279069767442	0.13953488372093	0.488372093023256
0.01	0.092093023255814	0.782790697674419	0.115116279069768
0.0697674418604651	0.697674418604651	0.162790697674419	0.0697674418604651
0.0697674418604651	0.0697674418604651	0.767441860465116	0.0930232558139535
0.01	0.169024390243902	0.169024390243902	0.651951219512195
0.184210526315789	0.131578947368421	0.605263157894737	0.0789473684210526
0.25	0.34375	0.15625	0.25
0.2	0.133333333333333	0.4	0.266666666666667
0.133333333333333	0.466666666666667	0.366666666666667	0.0333333333333333
0.32258064516129	0.161290322580645	0.419354838709677	0.0967741935483871
0.275862068965517	0.206896551724138	0.275862068965517	0.241379310344828
0.0740740740740741	0.481481481481481	0.148148148148148	0.296296296296296
0.24	0.36	0.24	0.16
#
