#INCLUSive Motif Model v1.0
#
#ID = PAX4_03
#W = 12
#Consensus = NNNNNYCACCCB
0.352941176470588	0.235294117647059	0.235294117647059	0.176470588235294
0.470588235294118	0.117647058823529	0.176470588235294	0.235294117647059
0.176470588235294	0.294117647058824	0.176470588235294	0.352941176470588
0.235294117647059	0.352941176470588	0.176470588235294	0.235294117647059
0.235294117647059	0.411764705882353	0.0588235294117647	0.294117647058824
0.116470588235294	0.524117647058823	0.01	0.349411764705882
0.0582352941176471	0.873529411764706	0.0582352941176471	0.01
0.92235294117647	0.01	0.01	0.0576470588235294
0.0582352941176471	0.815294117647059	0.116470588235294	0.01
0.174705882352941	0.698823529411765	0.01	0.116470588235294
0.0588235294117647	0.705882352941177	0.176470588235294	0.0588235294117647
0.01	0.37125	0.37125	0.2475
#
