#INCLUSive Motif Model v1.0
#
#ID = PAX5_01
#W = 28
#Consensus = BCNNNRNGCANBGNTGNRTAGCSGCHNB
0.01	0.282857142857143	0.282857142857143	0.424285714285715
0.141428571428572	0.707142857142857	0.01	0.141428571428572
0.142857142857143	0.285714285714286	0.428571428571429	0.142857142857143
0.428571428571429	0.142857142857143	0.142857142857143	0.285714285714286
0.285714285714286	0.142857142857143	0.428571428571429	0.142857142857143
0.42	0.01	0.559999999999999	0.01
0.142857142857143	0.428571428571429	0.285714285714286	0.142857142857143
0.01	0.141428571428572	0.565714285714285	0.282857142857143
0.01	0.97	0.01	0.01
0.97	0.01	0.01	0.01
0.285714285714286	0.285714285714286	0.285714285714286	0.142857142857143
0.01	0.282857142857143	0.282857142857143	0.424285714285715
0.01	0.14	0.84	0.01
0.428571428571429	0.142857142857143	0.142857142857143	0.285714285714286
0.282857142857143	0.01	0.141428571428572	0.565714285714285
0.01	0.01	0.97	0.01
0.285714285714286	0.428571428571429	0.142857142857143	0.142857142857143
0.42	0.01	0.559999999999999	0.01
0.141428571428572	0.01	0.282857142857143	0.565714285714285
0.565714285714285	0.141428571428572	0.282857142857143	0.01
0.141428571428572	0.141428571428572	0.707142857142857	0.01
0.28	0.7	0.01	0.01
0.141428571428572	0.424285714285715	0.424285714285715	0.01
0.282857142857143	0.01	0.565714285714285	0.141428571428572
0.141428571428572	0.565714285714285	0.282857142857143	0.01
0.282857142857143	0.424285714285715	0.01	0.282857142857143
0.142857142857143	0.428571428571429	0.285714285714286	0.142857142857143
0.01	0.424285714285715	0.282857142857143	0.282857142857143
#
