#INCLUSive Motif Model v1.0
#
#ID = PAX5_02
#W = 28
#Consensus = RRMSWGANWYCTNRAGCGKRACSRYNSM
0.396	0.198	0.396	0.01
0.588	0.01	0.392	0.01
0.396	0.396	0.01	0.198
0.198	0.396	0.396	0.01
0.396	0.01	0.198	0.396
0.196	0.01	0.784	0.01
0.594	0.01	0.198	0.198
0.2	0.2	0.2	0.4
0.396	0.01	0.198	0.396
0.01	0.396	0.198	0.396
0.01	0.594	0.198	0.198
0.01	0.196	0.01	0.784
0.2	0.2	0.4	0.2
0.588	0.01	0.392	0.01
0.784	0.01	0.196	0.01
0.01	0.01	0.97	0.01
0.01	0.97	0.01	0.01
0.01	0.01	0.97	0.01
0.01	0.01	0.392	0.588
0.392	0.01	0.588	0.01
0.784	0.01	0.01	0.196
0.01	0.97	0.01	0.01
0.198	0.396	0.396	0.01
0.588	0.01	0.392	0.01
0.01	0.392	0.01	0.588
0.4	0.2	0.2	0.2
0.198	0.396	0.396	0.01
0.396	0.396	0.01	0.198
#
