#INCLUSive Motif Model v1.0
#
#ID = PAX6_01
#W = 21
#Consensus = NNNNTTCACGCWTGANTKNNN
0.394736842105263	0.184210526315789	0.157894736842105	0.263157894736842
0.488372093023256	0.209302325581395	0.0697674418604651	0.232558139534884
0.212765957446809	0.191489361702128	0.212765957446809	0.382978723404255
0.170212765957447	0.297872340425532	0.191489361702128	0.340425531914894
0.0638297872340425	0.0425531914893617	0.0851063829787234	0.808510638297872
0.0421276595744681	0.01	0.0210638297872341	0.926808510638297
0.0638297872340425	0.617021276595745	0.0212765957446809	0.297872340425532
0.851063829787234	0.106382978723404	0.0212765957446809	0.0212765957446809
0.0631914893617021	0.821489361702127	0.01	0.10531914893617
0.0210638297872341	0.01	0.926808510638297	0.0421276595744681
0.0217391304347826	0.782608695652174	0.152173913043478	0.0434782608695652
0.48936170212766	0.0425531914893617	0.0212765957446809	0.446808510638298
0.0210638297872341	0.0842553191489362	0.01	0.88468085106383
0.0454545454545455	0.295454545454545	0.590909090909091	0.0681818181818182
0.842553191489362	0.0210638297872341	0.126382978723404	0.01
0.297872340425532	0.234042553191489	0.319148936170213	0.148936170212766
0.0434782608695652	0.0869565217391304	0.0652173913043478	0.804347826086957
0.0215217391304348	0.01	0.430434782608695	0.538043478260869
0.302325581395349	0.395348837209302	0.209302325581395	0.0930232558139535
0.4375	0.25	0.125	0.1875
0.142857142857143	0.428571428571429	0.107142857142857	0.321428571428571
#
