#INCLUSive Motif Model v1.0
#
#ID = PAX6_Q2
#W = 14
#Consensus = CTGACCTGGAACTM
0.09	0.855	0.045	0.01
0.045	0.01	0.045	0.9
0.01	0.01	0.97	0.01
0.765	0.01	0.045	0.18
0.01	0.757272727272728	0.222727272727272	0.01
0.045	0.855	0.09	0.01
0.01	0.0445454545454546	0.01	0.935454545454546
0.01	0.01	0.890909090909091	0.0890909090909091
0.01	0.01	0.890909090909091	0.0890909090909091
0.863636363636364	0.0454545454545455	0.0454545454545455	0.0454545454545455
0.935454545454546	0.01	0.0445454545454546	0.01
0.0454545454545455	0.818181818181818	0.0909090909090909	0.0454545454545455
0.0454545454545455	0.0454545454545455	0.136363636363636	0.772727272727273
0.363636363636364	0.454545454545455	0.0454545454545455	0.136363636363636
#
