#INCLUSive Motif Model v1.0
#
#ID = PAX8_B
#W = 18
#Consensus = NCNNTNNTGCRTGANNNN
0.391304347826087	0.0869565217391304	0.173913043478261	0.347826086956522
0.0869565217391304	0.521739130434783	0.260869565217391	0.130434782608696
0.478260869565217	0.217391304347826	0.0869565217391304	0.217391304347826
0.130434782608696	0.260869565217391	0.347826086956522	0.260869565217391
0.217391304347826	0.217391304347826	0.0434782608695652	0.521739130434783
0.260869565217391	0.347826086956522	0.217391304347826	0.173913043478261
0.391304347826087	0.130434782608696	0.130434782608696	0.347826086956522
0.217391304347826	0.217391304347826	0.0434782608695652	0.521739130434783
0.0434782608695652	0.0869565217391304	0.739130434782609	0.130434782608696
0.217391304347826	0.608695652173913	0.130434782608696	0.0434782608695652
0.347826086956522	0.0434782608695652	0.521739130434783	0.0869565217391304
0.0434782608695652	0.0434782608695652	0.0869565217391304	0.826086956521739
0.0869565217391304	0.0434782608695652	0.739130434782609	0.130434782608696
0.565217391304348	0.0869565217391304	0.260869565217391	0.0869565217391304
0.304347826086957	0.130434782608696	0.347826086956522	0.217391304347826
0.260869565217391	0.217391304347826	0.173913043478261	0.347826086956522
0.217391304347826	0.217391304347826	0.130434782608696	0.434782608695652
0.304347826086957	0.304347826086957	0.260869565217391	0.130434782608696
#
