#INCLUSive Motif Model v1.0
#
#ID = PIT1_Q6
#W = 18
#Consensus = NMTTCATAAWTATWNMNA
0.411764705882353	0.176470588235294	0.117647058823529	0.294117647058824
0.524117647058823	0.349411764705882	0.01	0.116470588235294
0.0576470588235294	0.01	0.01	0.92235294117647
0.01	0.0582352941176471	0.174705882352941	0.757058823529412
0.01	0.97	0.01	0.01
0.698823529411765	0.0582352941176471	0.01	0.232941176470588
0.115294117647058	0.01	0.01	0.864705882352942
0.529411764705882	0.0588235294117647	0.235294117647059	0.176470588235294
0.524117647058823	0.232941176470588	0.01	0.232941176470588
0.349411764705882	0.01	0.0582352941176471	0.582352941176471
0.01	0.174705882352941	0.174705882352941	0.640588235294118
0.640588235294118	0.116470588235294	0.232941176470588	0.01
0.232941176470588	0.0582352941176471	0.01	0.698823529411765
0.470588235294118	0.176470588235294	0.0588235294117647	0.294117647058824
0.235294117647059	0.411764705882353	0.117647058823529	0.235294117647059
0.411764705882353	0.352941176470588	0.0588235294117647	0.176470588235294
0.1875	0.4375	0.125	0.25
0.533076923076923	0.228461538461539	0.01	0.228461538461539
#
