#INCLUSive Motif Model v1.0
#
#ID = PPAR_DR1_Q2
#W = 13
#Consensus = TGACCTTTGNCCY
0.275	0.01	0.11	0.605
0.055	0.165	0.77	0.01
0.715	0.165	0.01	0.11
0.272222222222222	0.707777777777778	0.01	0.01
0.055	0.88	0.055	0.01
0.055	0.165	0.01	0.77
0.111111111111111	0.166666666666667	0.111111111111111	0.611111111111111
0.055	0.01	0.055	0.88
0.111111111111111	0.111111111111111	0.722222222222222	0.0555555555555556
0.388888888888889	0.222222222222222	0.222222222222222	0.166666666666667
0.11	0.77	0.01	0.11
0.111111111111111	0.777777777777778	0.0555555555555556	0.0555555555555556
0.166666666666667	0.444444444444444	0.0555555555555556	0.333333333333333
#
