#INCLUSive Motif Model v1.0
#
#ID = PPARG_03
#W = 17
#Consensus = WASNRGGNCAAAGGTCA
0.526315789473684	0.0526315789473684	0.105263157894737	0.315789473684211
0.578947368421053	0.105263157894737	0.105263157894737	0.210526315789474
0.0526315789473684	0.526315789473684	0.263157894736842	0.157894736842105
0.210526315789474	0.263157894736842	0.0526315789473684	0.473684210526316
0.526315789473684	0.105263157894737	0.263157894736842	0.105263157894737
0.01	0.01	0.97	0.01
0.051578947368421	0.01	0.928421052631579	0.01
0.157894736842105	0.157894736842105	0.368421052631579	0.315789473684211
0.105263157894737	0.631578947368421	0.0526315789473684	0.210526315789474
0.928421052631579	0.01	0.051578947368421	0.01
0.736842105263158	0.0526315789473684	0.0526315789473684	0.157894736842105
0.842105263157895	0.0526315789473684	0.0526315789473684	0.0526315789473684
0.051578947368421	0.01	0.928421052631579	0.01
0.01	0.01	0.722105263157895	0.257894736842105
0.01	0.0521052631578947	0.0521052631578947	0.88578947368421
0.01	0.729473684210526	0.208421052631579	0.0521052631578947
0.833684210526316	0.01	0.0521052631578947	0.10421052631579
#
