#INCLUSive Motif Model v1.0
#
#ID = PPARG_01
#W = 21
#Consensus = NNWGRGGTCAAAGGTCANNNN
0.233333333333333	0.266666666666667	0.216666666666667	0.283333333333333
0.19047619047619	0.333333333333333	0.222222222222222	0.253968253968254
0.5	0.09375	0.140625	0.265625
0.271428571428571	0.0428571428571429	0.642857142857143	0.0428571428571429
0.421944444444445	0.01	0.558055555555555	0.01
0.01	0.01	0.97	0.01
0.01	0.01	0.966388888888889	0.0136111111111111
0.01	0.01	0.01	0.97
0.01	0.952777777777778	0.0272222222222222	0.01
0.97	0.01	0.01	0.01
0.97	0.01	0.01	0.01
0.966388888888889	0.01	0.0136111111111111	0.01
0.01	0.01	0.97	0.01
0.01	0.01	0.952777777777778	0.0272222222222222
0.01	0.01	0.01	0.97
0.01	0.94875	0.01375	0.0275
0.952777777777778	0.01	0.0272222222222222	0.01
0.275862068965517	0.344827586206897	0.0344827586206897	0.344827586206897
0.303571428571429	0.375	0.267857142857143	0.0535714285714286
0.163265306122449	0.306122448979592	0.26530612244898	0.26530612244898
0.318181818181818	0.0454545454545455	0.363636363636364	0.272727272727273
#
