#INCLUSive Motif Model v1.0
#
#ID = PPARG_02
#W = 23
#Consensus = AAGTAGGTCACNGTGACCYACTT
0.774782608695652	0.129130434782609	0.01	0.0860869565217391
0.762222222222222	0.01	0.01	0.217777777777778
0.111111111111111	0.259259259259259	0.555555555555556	0.0740740740740741
0.0353571428571428	0.0353571428571428	0.01	0.919285714285715
0.735	0.01	0.245	0.01
0.01	0.01	0.97	0.01
0.01	0.035	0.945	0.01
0.01	0.01	0.105	0.875
0.0353571428571428	0.813214285714285	0.141428571428572	0.01
0.97	0.01	0.01	0.01
0.142857142857143	0.607142857142857	0.107142857142857	0.142857142857143
0.214285714285714	0.25	0.321428571428571	0.214285714285714
0.107142857142857	0.107142857142857	0.678571428571429	0.107142857142857
0.01	0.01	0.01	0.97
0.0714285714285714	0.178571428571429	0.714285714285714	0.0357142857142857
0.848571428571428	0.106071428571428	0.0353571428571428	0.01
0.01	0.97	0.01	0.01
0.01	0.97	0.01	0.01
0.01	0.385	0.01	0.595
0.883928571428572	0.0353571428571428	0.01	0.0707142857142857
0.148148148148148	0.555555555555556	0.222222222222222	0.0740740740740741
0.256666666666666	0.01	0.0366666666666666	0.696666666666667
0.0816666666666666	0.01	0.01	0.898333333333334
#
