#INCLUSive Motif Model v1.0
#
#ID = RFX1_01
#W = 17
#Consensus = NNGTNRCNWRGYAACNN
0.208333333333333	0.208333333333333	0.25	0.333333333333333
0.357142857142857	0.142857142857143	0.285714285714286	0.214285714285714
0.185625	0.12375	0.680625	0.01
0.09375	0.0625	0.21875	0.625
0.34375	0.3125	0.0625	0.28125
0.40625	0.03125	0.53125	0.03125
0.09375	0.78125	0.03125	0.09375
0.125	0.4375	0.21875	0.21875
0.33	0.165	0.01	0.495
0.34375	0.09375	0.53125	0.03125
0.01	0.01	0.97	0.01
0.09375	0.5	0.09375	0.3125
0.928125	0.01	0.0309375	0.0309375
0.97	0.01	0.01	0.01
0.01	0.97	0.01	0.01
0.354838709677419	0.290322580645161	0.225806451612903	0.129032258064516
0.379310344827586	0.103448275862069	0.172413793103448	0.344827586206897
#
