#INCLUSive Motif Model v1.0
#
#ID = SEF1_C
#W = 19
#Consensus = AACACGGATATCTGTGGTY
0.762287822878229	0.109594095940959	0.118118081180812	0.01
0.754587945879459	0.01	0.225412054120541	0.01
0.01	0.806125461254613	0.118118081180812	0.0657564575645757
0.866691266912669	0.113308733087331	0.01	0.01
0.01	0.97	0.01	0.01
0.01	0.230233702337023	0.749766297662977	0.01
0.01	0.128659217877095	0.851340782122905	0.01
0.871512915129151	0.108487084870849	0.01	0.01
0.01	0.123922114047288	0.133560500695411	0.732517385257301
0.749766297662977	0.01	0.230233702337023	0.01
0.01	0.114464944649446	0.109594095940959	0.765940959409594
0.01	0.97	0.01	0.01
0.01	0.01	0.01	0.97
0.01	0.01	0.97	0.01
0.01	0.108487084870849	0.01	0.871512915129151
0.01	0.01	0.97	0.01
0.01	0.01	0.97	0.01
0.01	0.01	0.01	0.97
0.187527675276753	0.429852398523985	0.01	0.372619926199262
#
