#INCLUSive Motif Model v1.0
#
#ID = SP1_Q6
#W = 13
#Consensus = NGGGGGCGGGGYN
0.296296296296296	0.194444444444444	0.324074074074074	0.185185185185185
0.222222222222222	0.185185185185185	0.518518518518518	0.0740740740740741
0.12962962962963	0.0925925925925926	0.601851851851852	0.175925925925926
0.157407407407407	0.00925925925925926	0.824074074074074	0.00925925925925926
0.01	0.01	0.97	0.01
0.01	0.0181481481481481	0.961851851851852	0.01
0.174166666666667	0.733333333333334	0.01	0.0825
0.0185185185185185	0.0462962962962963	0.916666666666667	0.0185185185185185
0.01	0.00916666666666667	0.9075	0.0733333333333334
0.194444444444444	0.0462962962962963	0.703703703703704	0.0555555555555556
0.157407407407407	0.0925925925925926	0.666666666666667	0.0833333333333333
0.0277777777777778	0.509259259259259	0.194444444444444	0.268518518518519
0.0833333333333333	0.37037037037037	0.296296296296296	0.25
#
