#INCLUSive Motif Model v1.0
#
#ID = SRF_Q4
#W = 18
#Consensus = SCCAWATAWGGMNMNNNN
0.0740740740740741	0.444444444444444	0.37037037037037	0.111111111111111
0.108888888888889	0.871111111111111	0.01	0.01
0.01	0.97	0.01	0.01
0.851851851851852	0.037037037037037	0.0740740740740741	0.037037037037037
0.33	0.0366666666666666	0.01	0.623333333333334
0.88	0.01	0.0733333333333334	0.0366666666666666
0.185185185185185	0.037037037037037	0.037037037037037	0.740740740740741
0.806666666666667	0.01	0.0733333333333334	0.11
0.586666666666667	0.01	0.0366666666666666	0.366666666666666
0.0362962962962963	0.01	0.943703703703704	0.01
0.0362962962962963	0.01	0.943703703703704	0.01
0.555555555555556	0.333333333333333	0.0740740740740741	0.037037037037037
0.222222222222222	0.296296296296296	0.37037037037037	0.111111111111111
0.555555555555556	0.333333333333333	0.0740740740740741	0.037037037037037
0.0740740740740741	0.259259259259259	0.296296296296296	0.37037037037037
0.259259259259259	0.111111111111111	0.444444444444444	0.185185185185185
0.037037037037037	0.222222222222222	0.407407407407407	0.333333333333333
0.222222222222222	0.259259259259259	0.259259259259259	0.259259259259259
#
