#INCLUSive Motif Model v1.0
#
#ID = SRF_Q5_02
#W = 19
#Consensus = CNKNKCCTTATWTGGNNNN
0.12962962962963	0.537037037037037	0.203703703703704	0.12962962962963
0.407407407407407	0.277777777777778	0.111111111111111	0.203703703703704
0.0740740740740741	0.111111111111111	0.351851851851852	0.462962962962963
0.166666666666667	0.333333333333333	0.296296296296296	0.203703703703704
0.0740740740740741	0.166666666666667	0.277777777777778	0.481481481481481
0.01	0.943703703703704	0.01	0.0362962962962963
0.01	0.943703703703704	0.01	0.0362962962962963
0.22	0.0916666666666667	0.01	0.678333333333333
0.0544444444444445	0.01	0.01	0.925555555555555
0.648148148148148	0.037037037037037	0.0740740740740741	0.240740740740741
0.01	0.0183333333333333	0.0183333333333333	0.953333333333333
0.574074074074074	0.0185185185185185	0.0185185185185185	0.388888888888889
0.0925925925925926	0.037037037037037	0.037037037037037	0.833333333333333
0.145185185185185	0.01	0.834814814814815	0.01
0.0181481481481481	0.01	0.961851851851852	0.01
0.148148148148148	0.351851851851852	0.222222222222222	0.277777777777778
0.240740740740741	0.388888888888889	0.166666666666667	0.203703703703704
0.388888888888889	0.166666666666667	0.203703703703704	0.240740740740741
0.0925925925925926	0.166666666666667	0.333333333333333	0.407407407407407
#
