#INCLUSive Motif Model v1.0
#
#ID = SRF_Q5_01
#W = 15
#Consensus = CCAWATAWGGMNMNG
0.101379310344828	0.878620689655172	0.01	0.01
0.01	0.946206896551724	0.01	0.0337931034482759
0.758620689655172	0.0344827586206897	0.103448275862069	0.103448275862069
0.413793103448276	0.0689655172413793	0.0344827586206897	0.482758620689655
0.878620689655172	0.01	0.101379310344828	0.01
0.170689655172414	0.01	0.0682758620689655	0.75103448275862
0.887586206896552	0.01	0.0341379310344828	0.0682758620689655
0.477931034482758	0.01	0.136551724137931	0.37551724137931
0.0337931034482759	0.01	0.946206896551724	0.01
0.0337931034482759	0.01	0.946206896551724	0.01
0.517241379310345	0.379310344827586	0.0689655172413793	0.0344827586206897
0.206896551724138	0.241379310344828	0.413793103448276	0.137931034482759
0.448275862068966	0.379310344827586	0.103448275862069	0.0689655172413793
0.0689655172413793	0.275862068965517	0.206896551724138	0.448275862068966
0.206896551724138	0.0689655172413793	0.517241379310345	0.206896551724138
#
