#INCLUSive Motif Model v1.0
#
#ID = STAT3_01
#W = 21
#Consensus = NGNNATTTCCSGGAARTGNNN
0.161161161161161	0.203203203203203	0.307307307307307	0.328328328328328
0.0240480961923848	0.180360721442886	0.592184368737475	0.203406813627255
0.098	0.175	0.394	0.333
0.05	0.452	0.279	0.219
0.77121	0.00792	0.21087	0.01
0.12474	0.06732	0.01	0.79794
0.01	0.01	0.01	0.97
0.01	0.01	0.01	0.97
0.01	0.97	0.01	0.01
0.01	0.97	0.01	0.01
0.01	0.49	0.49	0.01
0.01	0.01	0.97	0.01
0.01	0.01	0.96236	0.01764
0.97	0.01	0.01	0.01
0.97	0.01	0.01	0.01
0.62667	0.01	0.32373	0.0396
0.018	0.138	0.018	0.826
0.077	0.193	0.7	0.03
0.346653346653347	0.186813186813187	0.27972027972028	0.186813186813187
0.273	0.182	0.224	0.321
0.196	0.243	0.16	0.401
#
