#INCLUSive Motif Model v1.0
#
#ID = STAT1_01
#W = 21
#Consensus = NNNSANTTCCGGGAANTGNSN
0.08	0.18	0.419	0.321
0.232232232232232	0.0970970970970971	0.372372372372372	0.298298298298298
0.13872255489022	0.312375249500998	0.197604790419162	0.351297405189621
0.175175175175175	0.379379379379379	0.381381381381381	0.0640640640640641
0.595404595404595	0.134865134865135	0.150849150849151	0.118881118881119
0.311688311688312	0.262737262737263	0.0939060939060939	0.331668331668332
0.01	0.01	0.01	0.97
0.01	0.01	0.01	0.97
0.039	0.909	0.02	0.032
0.01	0.97	0.01	0.01
0.01	0.3185	0.6615	0.01
0.01	0.01	0.97	0.01
0.0376576576576576	0.01	0.940450450450451	0.0118918918918919
0.97	0.01	0.01	0.01
0.97	0.01	0.01	0.01
0.362637362637363	0.0879120879120879	0.294705294705295	0.254745254745255
0.111	0.111	0.111	0.667
0.196216216216216	0.104054054054054	0.68972972972973	0.01
0.248	0.127	0.466	0.159
0.125125125125125	0.367367367367367	0.492492492492492	0.015015015015015
0.317682317682318	0.125874125874126	0.396603396603397	0.15984015984016
#
