#INCLUSive Motif Model v1.0
#
#ID = STAT5A_02
#W = 24
#Consensus = TTCCNRGAANNNNNNTTCCNNGRR
0.0267567567567567	0.0267567567567567	0.01	0.936486486486487
0.162162162162162	0.027027027027027	0.027027027027027	0.783783783783784
0.052972972972973	0.927027027027027	0.01	0.01
0.0540540540540541	0.513513513513513	0.243243243243243	0.189189189189189
0.216216216216216	0.432432432432432	0.162162162162162	0.189189189189189
0.405405405405405	0.135135135135135	0.378378378378378	0.0810810810810811
0.0267567567567567	0.01	0.936486486486487	0.0267567567567567
0.802702702702703	0.01	0.0535135135135136	0.133783783783784
0.953513513513514	0.01	0.0264864864864865	0.01
0.297297297297297	0.189189189189189	0.108108108108108	0.405405405405405
0.162162162162162	0.216216216216216	0.189189189189189	0.432432432432432
0.171428571428571	0.257142857142857	0.314285714285714	0.257142857142857
0.162162162162162	0.378378378378378	0.27027027027027	0.189189189189189
0.189189189189189	0.216216216216216	0.324324324324324	0.27027027027027
0.27027027027027	0.189189189189189	0.216216216216216	0.324324324324324
0.0267567567567567	0.0802702702702703	0.01	0.882972972972973
0.27027027027027	0.0540540540540541	0.0540540540540541	0.621621621621622
0.107027027027027	0.82945945945946	0.01	0.0535135135135136
0.108108108108108	0.621621621621622	0.162162162162162	0.108108108108108
0.216216216216216	0.216216216216216	0.27027027027027	0.297297297297297
0.351351351351351	0.243243243243243	0.297297297297297	0.108108108108108
0.162162162162162	0.0810810810810811	0.702702702702703	0.0540540540540541
0.486486486486487	0.0810810810810811	0.297297297297297	0.135135135135135
0.428108108108108	0.0802702702702703	0.481621621621622	0.01
#
