#INCLUSive Motif Model v1.0
#
#ID = TATA_01
#W = 15
#Consensus = STATAAAWRNNNNNN
0.15681233933162	0.372750642673522	0.390745501285347	0.0796915167095116
0.0411311053984576	0.118251928020566	0.0462724935732648	0.794344473007712
0.895835475578406	0.01	0.00508997429305913	0.0890745501285347
0.0077120822622108	0.025706940874036	0.0051413881748072	0.961439588688946
0.900925449871465	0.01	0.0127249357326478	0.0763496143958869
0.675167095115682	0.01	0.01	0.304832904884318
0.925449871465296	0.0077120822622108	0.051413881748072	0.0154241645244216
0.570694087403599	0.0051413881748072	0.113110539845758	0.311053984575835
0.398457583547558	0.113110539845758	0.403598971722365	0.0848329048843188
0.143958868894602	0.347043701799486	0.38560411311054	0.123393316195373
0.213367609254499	0.377892030848329	0.329048843187661	0.0796915167095116
0.210796915167095	0.326478149100257	0.329048843187661	0.133676092544987
0.210796915167095	0.303341902313625	0.329048843187661	0.15681233933162
0.174807197943445	0.275064267352185	0.3573264781491	0.19280205655527
0.197943444730077	0.259640102827764	0.359897172236504	0.182519280205656
#
