#INCLUSive Motif Model v1.0
#
#ID = TST1_01
#W = 15
#Consensus = NNKGAATTAVAVTDN
0.166666666666667	0.166666666666667	0.5	0.166666666666667
0.333333333333333	0.166666666666667	0.333333333333333	0.166666666666667
0.01	0.165	0.495	0.33
0.165	0.165	0.66	0.01
0.816666666666666	0.01	0.01	0.163333333333334
0.653333333333334	0.01	0.01	0.326666666666666
0.01	0.01	0.01	0.97
0.326666666666666	0.01	0.01	0.653333333333334
0.66	0.165	0.01	0.165
0.33	0.33	0.33	0.01
0.66	0.165	0.165	0.01
0.33	0.33	0.33	0.01
0.01	0.165	0.165	0.66
0.33	0.01	0.33	0.33
0.166666666666667	0.333333333333333	0.333333333333333	0.166666666666667
#
