#INCLUSive Motif Model v1.0
#
#ID = TTF1_Q6
#W = 12
#Consensus = NNNNCAAGNRNN
0.258064516129032	0.483870967741935	0.129032258064516	0.129032258064516
0.290322580645161	0.387096774193548	0.129032258064516	0.193548387096774
0.0645161290322581	0.483870967741935	0.258064516129032	0.193548387096774
0.193548387096774	0.258064516129032	0.0967741935483871	0.451612903225806
0.032258064516129	0.870967741935484	0.0645161290322581	0.032258064516129
0.948387096774194	0.01	0.01	0.0316129032258064
0.758709677419355	0.01	0.221290322580645	0.01
0.0316129032258064	0.01	0.948387096774194	0.01
0.354838709677419	0.129032258064516	0.161290322580645	0.354838709677419
0.258064516129032	0.129032258064516	0.516129032258065	0.0967741935483871
0.161290322580645	0.290322580645161	0.290322580645161	0.258064516129032
0.161290322580645	0.354838709677419	0.161290322580645	0.32258064516129
#
