#INCLUSive Motif Model v1.0
#
#ID = USF_01
#W = 14
#Consensus = NNRYCACGTGRYNN
0.361111111111111	0.194444444444444	0.305555555555556	0.138888888888889
0.175	0.15	0.425	0.25
0.452380952380952	0.0714285714285714	0.404761904761905	0.0714285714285714
0.130434782608696	0.347826086956522	0.0869565217391304	0.434782608695652
0.01	0.97	0.01	0.01
0.955862068965517	0.0170689655172414	0.0170689655172414	0.01
0.01	0.929310344827587	0.01	0.0506896551724138
0.0506896551724138	0.01	0.929310344827587	0.01
0.01	0.0170689655172414	0.0170689655172414	0.955862068965517
0.01	0.01	0.97	0.01
0.434782608695652	0.0869565217391304	0.347826086956522	0.130434782608696
0.0714285714285714	0.404761904761905	0.0714285714285714	0.452380952380952
0.25	0.425	0.15	0.175
0.138888888888889	0.305555555555556	0.194444444444444	0.361111111111111
#
