#INCLUSive Motif Model v1.0
#
#ID = VDR_Q6
#W = 12
#Consensus = CNSNNTGAACCN
0.238095238095238	0.523809523809524	0.19047619047619	0.0476190476190476
0.142857142857143	0.380952380952381	0.19047619047619	0.285714285714286
0.0476190476190476	0.380952380952381	0.380952380952381	0.19047619047619
0.19047619047619	0.19047619047619	0.333333333333333	0.285714285714286
0.19047619047619	0.238095238095238	0.333333333333333	0.238095238095238
0.0476190476190476	0.0476190476190476	0.0952380952380952	0.80952380952381
0.0952380952380952	0.0952380952380952	0.761904761904762	0.0476190476190476
0.895714285714286	0.0471428571428571	0.0471428571428571	0.01
0.707142857142857	0.235714285714286	0.0471428571428571	0.01
0.0476190476190476	0.80952380952381	0.0952380952380952	0.0476190476190476
0.0476190476190476	0.761904761904762	0.0952380952380952	0.0952380952380952
0.285714285714286	0.333333333333333	0.0952380952380952	0.285714285714286
#
