#INCLUSive Motif Model v1.0
#
#ID = VDR_Q3
#W = 15
#Consensus = GGGKNARNRRGGWSA
0.0816666666666666	0.01	0.898333333333334	0.01
0.245	0.01	0.735	0.01
0.01	0.01	0.735	0.245
0.01	0.01	0.408333333333334	0.571666666666666
0.25	0.333333333333333	0.333333333333333	0.0833333333333333
0.666666666666667	0.0833333333333333	0.0833333333333333	0.166666666666667
0.4125	0.165	0.4125	0.01
0.166666666666667	0.25	0.333333333333333	0.25
0.333333333333333	0.0833333333333333	0.5	0.0833333333333333
0.33	0.01	0.5775	0.0825
0.0816666666666666	0.01	0.898333333333334	0.01
0.01	0.01	0.735	0.245
0.333333333333333	0.0833333333333333	0.0833333333333333	0.5
0.01	0.4125	0.495	0.0825
0.666666666666667	0.0833333333333333	0.0833333333333333	0.166666666666667
#
