#INCLUSive Motif Model v1.0
#
#ID = ZF5_B
#W = 13
#Consensus = NRNGNGCGCGCWN
0.176470588235294	0.352941176470588	0.176470588235294	0.294117647058824
0.352941176470588	0.0588235294117647	0.529411764705882	0.0588235294117647
0.176470588235294	0.117647058823529	0.470588235294118	0.235294117647059
0.291176470588236	0.116470588235294	0.582352941176471	0.01
0.176470588235294	0.235294117647059	0.470588235294118	0.117647058823529
0.294117647058824	0.0588235294117647	0.588235294117647	0.0588235294117647
0.01	0.807058823529412	0.01	0.172941176470588
0.116470588235294	0.01	0.698823529411765	0.174705882352941
0.0588235294117647	0.647058823529412	0.0588235294117647	0.235294117647059
0.117647058823529	0.117647058823529	0.647058823529412	0.117647058823529
0.01	0.815294117647059	0.0582352941176471	0.116470588235294
0.349411764705882	0.01	0.0582352941176471	0.582352941176471
0.294117647058824	0.117647058823529	0.176470588235294	0.411764705882353
#
