#INCLUSive Background Model v1.0
#
#Order = 2
#Organism = unknown
#Sequences = background.fa
#Path = 
#

#snf
0.258499	0.241188	0.240681	0.259632	

#oligo frequency
0.0732935
0.0544459
0.0774635
0.053312
0.0753273
0.0693522
0.0178104
0.078667
0.0621642
0.0547651
0.0695403
0.0542238
0.0477066
0.0626305
0.07586
0.0734377

#transition matrix
0.352363	0.18907	0.265136	0.193431	
0.390111	0.261053	0.068376	0.28046	
0.294312	0.224632	0.286566	0.19449	
0.235244	0.214627	0.283659	0.26647	
0.217062	0.245676	0.33586	0.201403	
0.308342	0.290126	0.0800511	0.321481	
0.198481	0.282325	0.31107	0.208124	
0.151915	0.269424	0.328564	0.250098	
0.284358	0.195137	0.337494	0.183012	
0.285849	0.2994	0.0929522	0.321799	
0.268694	0.237912	0.289458	0.203936	
0.18002	0.223759	0.342949	0.253271	
0.281617	0.208436	0.246285	0.263663	
0.272374	0.297474	0.0550887	0.375064	
0.22595	0.2081	0.285614	0.280336	
0.183208	0.24323	0.221872	0.351689	

